mx = 0.3640216314588353
 
rts = {Root[-1 + 84*#1^2 - 448*#1^3 + 980*#1^4 - 1120*#1^5 + 700*#1^6 - 
        224*#1^7 + 28*#1^8 & , 1, 0], 
     Root[-1 + 84*#1^2 - 448*#1^3 + 980*#1^4 - 1120*#1^5 + 700*#1^6 - 
        224*#1^7 + 28*#1^8 & , 2, 0], 
     Root[-1 + 84*#1^2 - 448*#1^3 + 980*#1^4 - 1120*#1^5 + 700*#1^6 - 
        224*#1^7 + 28*#1^8 & , 3, 0], 
     Root[-1 + 84*#1^2 - 448*#1^3 + 980*#1^4 - 1120*#1^5 + 700*#1^6 - 
        224*#1^7 + 28*#1^8 & , 4, 0]}
 
rtsthresh = {Root[{-1 + 84*#1^2 - 448*#1^3 + 980*#1^4 - 1120*#1^5 + 
         700*#1^6 - 224*#1^7 + 28*#1^8 & , -#1 + 84*#2^3 - 448*#2^4 + 
         980*#2^5 - 1120*#2^6 + 700*#2^7 - 224*#2^8 + 28*#2^9 & }, {2, 1}], 
     Root[{-1 + 84*#1^2 - 448*#1^3 + 980*#1^4 - 1120*#1^5 + 700*#1^6 - 
         224*#1^7 + 28*#1^8 & , -#1 + 84*#2^3 - 448*#2^4 + 980*#2^5 - 
         1120*#2^6 + 700*#2^7 - 224*#2^8 + 28*#2^9 & }, {2, 2}], 
     Root[{-1 + 84*#1^2 - 448*#1^3 + 980*#1^4 - 1120*#1^5 + 700*#1^6 - 
         224*#1^7 + 28*#1^8 & , -#1 + 84*#2^3 - 448*#2^4 + 980*#2^5 - 
         1120*#2^6 + 700*#2^7 - 224*#2^8 + 28*#2^9 & }, {2, 3}]}
 
p[x_] := 28*x^3*(1 - x)^5*(3 - x)
 
r2 = 0.3701738375036772
 
r1hl = 0.191484
 
r2hl = 0.388614
 
dp[y_] := Out[86] /. x -> y
 
r1 = 0.1924688874474659
